"2001""2002""2003""2004""2005""2006""2007""2008""2010""2011""2012""2013""2014""2015""2016"
70800788708340087090884509193096150100310105440107410108570110550112490115020118020
505805335056000571205793060000624106472067690687406955071020724107380075070
603506163064150663706710069240721907450077230787308018082010839708617087880
563305802060390630606391066190688807143075550771207900080100815208298084300
497105238054930575505803059660620206428066390674706836069400700707122072930
341903463035800370503753039000405404179043180438304424044710453104616047200
690307733078590811808107085360884509227096940983809857099620101110103460105980
391304016041390428104345045320466104846050440508705121051500522105300054520
397704166043350438204431046110484105067052290538505449055580557905698058390
499305399056240583105917062030650206789071280727307354074740760107780079160
219002241022960235102385024610256002634026920273702778028300288202952030470
325303333034430352403575037040387504020042490427304305043510439804461045810
167201718017400176201784018430194402022021240214302138021580219802285023850
203802085021290216702193022580235602437025300255602567026010263702708028010
210102137021570220802218022920239802412024590246202455024710249802565026510
289203061031560322803280034350352403608036790375203799038200386603932040560
272302791028540293902971030370312003222033470341203441034900355303633037260
196302022020290206702101021810226402356024330243002423024330251602636027810
354503634037000378903826039290406204235043870446304496045630466004758048900
349603578036560376203805039060399304123042810433904387044420452204599046690
276002819028930294802989030480313103232033770342203450034930354903622037190
265602722027630282502882029460306803145032660332003359033860344603516036070
